  1 Update [49, 85, 73, 74, 96, 32, 76, 58, 95, 57, 13, 93, 14, 99, 56, 47, 75] is Bad.
  2 Update [74, 68, 64, 75, 78, 18, 41, 67, 15] is OK mid 4, value 78
  3 Update [83, 95, 85, 32, 58, 14, 76, 77, 74, 68, 47, 96, 49, 75, 88, 56, 29, 78, 18] is OK mid 9, value 68
  4 Update [91, 33, 55, 17, 39, 87, 52, 86, 35, 72, 94, 79, 12, 98, 93, 53, 83, 95, 85] is OK mid 9, value 72
  5 Update [12, 57, 93, 23, 53, 83, 95, 85, 58, 14, 99, 68, 64, 49, 75] is OK mid 7, value 85
  6 Update [96, 27, 17, 64, 78, 16, 56, 63, 18, 87, 33, 75, 22, 88, 49, 91, 67, 41, 55, 39, 15, 29, 47] is Bad.
  7 Update [83, 33, 91, 98, 93, 57, 15, 72, 79, 95, 73, 23, 52, 87, 39, 22, 86] is Bad.
  8 Update [33, 88, 27, 15, 64, 63, 49, 26, 87, 55, 91, 22, 39, 16, 29, 78, 47, 41, 67, 96, 17, 18, 75] is Bad.
  9 Update [22, 33, 55, 17, 39, 52, 86, 94, 73, 23, 53, 83, 95, 85, 32] is OK mid 7, value 94
 10 Update [67, 56, 39, 52, 94, 33, 22, 78, 27, 18, 29, 35, 63, 87, 86, 26, 79] is Bad.
 11 Update [88, 68, 77, 41, 33, 56, 16, 74, 75, 29, 47, 78, 67, 63, 64, 49, 18] is Bad.
 12 Update [41, 67, 15, 91, 22, 33, 55, 17, 39, 86, 79, 12, 98, 73, 57, 93, 53] is OK mid 8, value 39
 13 Update [52, 99, 23, 73, 35, 72, 87, 12, 77] is Bad.
 14 Update [85, 83, 91, 23, 94, 39, 33, 15, 35] is Bad.
 15 Update [55, 35, 22, 86, 56, 78, 15, 39, 88, 94, 87, 18, 17, 52, 91] is Bad.
 16 Update [79, 53, 85, 58, 74, 68, 49] is OK mid 3, value 58
 17 Update [53, 99, 79, 98, 95, 12, 47, 14, 64, 13, 32, 85, 83, 77, 23, 76, 93] is Bad.
 18 Update [56, 29, 27, 26, 16, 63, 22, 17, 72, 94, 79] is OK mid 5, value 63
 19 Update [49, 88, 56, 29, 18, 16, 63, 41, 15, 33, 39, 52, 35] is OK mid 6, value 63
 20 Update [33, 55, 17, 39, 87, 35, 72, 94, 79, 12, 98, 73, 57, 93, 83, 95, 85, 32, 13] is OK mid 9, value 12
 21 Update [67, 15, 73, 33, 93, 91, 12, 79, 41, 57, 63, 55, 22, 86, 98, 35, 72, 94, 16] is Bad.
 22 Update [86, 33, 95, 72, 79, 13, 39, 57, 93, 87, 83, 23, 53, 85, 17, 98, 94, 73, 12] is Bad.
 23 Update [87, 58, 35, 94, 22, 86, 72, 52, 85] is Bad.
 24 Update [39, 52, 86, 35, 94, 93, 53, 83, 95, 85, 32, 58, 14, 99, 76] is OK mid 7, value 83
 25 Update [96, 49, 75, 88, 78, 27, 26, 18, 16, 63, 41, 67, 15, 91, 22, 33, 17, 87, 86] is OK mid 9, value 63
 26 Update [53, 83, 14, 99, 47, 96, 49] is OK mid 3, value 99
 27 Update [99, 23, 98, 64, 77, 57, 12, 74, 47, 76, 75, 96, 32, 49, 68, 53, 93, 13, 73, 83, 95] is Bad.
 28 Update [15, 22, 17, 39, 87, 86, 35, 73, 93, 53, 83, 95, 85] is OK mid 6, value 35
 29 Update [33, 12, 35, 86, 39, 22, 17, 15, 57, 87, 53, 91, 98, 94, 93, 95, 67, 72, 73, 83, 79] is Bad.
 30 Update [76, 77, 74, 68, 47, 64, 96, 49, 75, 88, 56, 78, 27, 26, 18, 16, 63, 41, 67, 15, 91, 22, 33] is OK mid 11, value 78
 31 Update [99, 76, 77, 74, 68, 96, 49, 75, 88, 56, 78, 27, 26, 18, 16, 63, 41, 67, 15, 91, 22] is OK mid 10, value 78
 32 Update [57, 75, 76, 99, 64, 13, 93] is Bad.
 33 Update [86, 35, 72, 52, 23, 73, 15, 53, 39, 12, 55, 79, 33, 93, 17, 83, 67, 94, 57, 22, 41, 87, 98] is Bad.
 34 Update [14, 99, 76, 77, 74, 64, 75, 88, 56, 26, 63] is OK mid 5, value 64
 35 Update [64, 14, 99, 85, 53, 98, 47, 57, 83, 93, 72, 77, 95, 94, 73, 76, 13] is Bad.
 36 Update [52, 35, 94, 79, 12, 98, 73, 57, 93, 23, 53, 83, 95, 85, 58, 13, 14, 99, 76, 77, 74] is OK mid 10, value 53
 37 Update [93, 94, 99, 96, 98, 85, 79, 23, 58] is Bad.
 38 Update [64, 56, 29, 18, 63, 41, 67, 91, 22, 55, 52] is OK mid 5, value 41
 39 Update [58, 13, 14, 99, 77, 74, 47, 64, 96, 49, 75, 88, 56, 29, 78, 26, 18, 63, 67] is OK mid 9, value 49
 40 Update [17, 53, 22, 12, 58, 93, 83] is Bad.
 41 Update [83, 32, 77, 74, 96, 78, 18] is OK mid 3, value 74
 42 Update [56, 47, 58, 88, 75, 49, 27, 95, 26, 85, 78, 99, 74, 77, 68, 18, 29, 76, 16, 13, 32] is Bad.
 43 Update [56, 29, 78, 18, 63, 41, 67, 15, 91, 22, 55, 17, 39, 87, 52, 35, 72, 94, 79] is OK mid 9, value 22
 44 Update [16, 41, 33, 55, 72, 79, 73, 93, 23] is OK mid 4, value 72
 45 Update [13, 76, 57, 49, 95, 58, 32, 23, 14, 75, 77, 53, 47, 85, 56, 64, 96] is Bad.
 46 Update [93, 53, 83, 58, 76, 77, 68, 96, 49, 75, 88, 56, 78] is OK mid 6, value 68
 47 Update [35, 72, 79, 12, 98, 73, 93, 23, 83, 95, 85, 58, 14, 99, 76, 77, 74, 68, 47] is OK mid 9, value 95
 48 Update [88, 56, 29, 78, 27, 26, 18, 63, 41, 67, 15, 91, 22, 33, 55, 17, 39, 87, 52, 86, 35, 72, 94] is OK mid 11, value 91
 49 Update [98, 53, 32, 58, 76] is OK mid 2, value 32
 50 Update [88, 56, 78, 27, 26, 18, 16, 41, 67, 15, 91, 33, 17, 39, 87, 52, 86, 72, 94] is OK mid 9, value 15
 51 Update [29, 96, 85, 23, 56, 95, 83, 76, 47, 64, 78, 77, 74, 49, 53, 58, 75] is Bad.
 52 Update [53, 83, 95, 85, 32, 58, 13, 14, 99, 76, 74, 47, 49, 75, 88, 56, 29, 78, 27] is OK mid 9, value 76
 53 Update [55, 33, 23, 79, 95, 72, 85, 86, 15, 73, 17, 39, 52, 91, 98, 93, 12] is Bad.
 54 Update [94, 79, 12, 98, 73, 93, 53, 83, 95, 85, 32, 14, 99, 76, 68, 64, 96] is OK mid 8, value 95
 55 Update [22, 55, 17, 39, 87, 52, 35, 72, 94, 79, 12, 98, 73, 57, 93, 23, 95, 85, 58] is OK mid 9, value 79
 56 Update [77, 74, 68, 64, 96, 49, 75, 88, 29, 78, 27, 26, 18, 16, 63, 41, 67, 15, 91, 33, 55] is OK mid 10, value 27
 57 Update [78, 93, 76, 99, 68, 96, 49] is Bad.
 58 Update [99, 76, 74, 68, 64, 27, 26, 41, 22] is OK mid 4, value 64
 59 Update [18, 49, 56, 29, 63, 75, 68, 55, 91, 27, 15] is Bad.
 60 Update [56, 78, 27, 26, 18, 16, 63, 41, 67, 15, 91, 33, 55, 87, 52] is OK mid 7, value 41
 61 Update [64, 88, 29, 18, 91, 55, 17, 39, 52] is OK mid 4, value 91
 62 Update [77, 74, 68, 47, 64, 96, 49, 75, 88, 29, 78, 27, 26, 18, 16, 63, 67, 15, 91, 22, 33] is OK mid 10, value 78
 63 Update [57, 67, 73, 87, 35, 95, 86] is Bad.
 64 Update [49, 93, 68, 74, 95, 32, 57, 29, 64, 75, 14, 13, 53, 77, 96] is Bad.
 65 Update [74, 68, 47, 64, 49, 75, 88, 56, 29, 78, 27, 26, 18, 16, 63, 41, 91, 22, 33, 55, 17] is OK mid 10, value 27
 66 Update [39, 52, 49, 26, 22, 33, 78] is Bad.
 67 Update [26, 63, 91, 55, 17, 39, 86, 72, 94, 79, 57] is OK mid 5, value 39
 68 Update [94, 52, 53, 87, 32, 33, 57, 13, 39, 85, 79, 95, 35, 86, 12, 23, 98] is Bad.
 69 Update [23, 72, 14, 98, 57, 64, 12, 13, 93, 47, 95, 68, 85, 79, 73] is Bad.
 70 Update [26, 67, 18, 39, 33, 16, 78, 49, 15, 56, 96, 63, 75, 68, 91] is Bad.
 71 Update [14, 63, 74, 99, 64, 15, 88] is Bad.
 72 Update [55, 16, 41, 67, 49, 22, 39, 56, 17, 29, 63, 33, 26, 68, 96] is Bad.
 73 Update [55, 63, 67, 27, 79, 78, 87, 41, 56, 15, 86, 22, 91, 17, 18] is Bad.
 74 Update [22, 55, 17, 39, 35, 72, 94, 98, 73, 93, 23, 83, 58] is OK mid 6, value 94
 75 Update [73, 57, 23, 53, 83, 58, 13, 14, 76, 47, 75] is OK mid 5, value 58
 76 Update [12, 98, 73, 57, 93, 23, 53, 83, 85, 32, 58, 13, 14, 99, 76, 74, 68, 47, 96, 49, 75] is OK mid 10, value 58
 77 Update [39, 79, 98, 57, 83, 14, 76] is OK mid 3, value 57
 78 Update [53, 76, 77, 68, 49, 88, 56, 27, 26] is OK mid 4, value 49
 79 Update [72, 57, 95, 58, 13, 47, 64] is OK mid 3, value 58
 80 Update [64, 88, 29, 78, 26, 16, 63, 15, 91, 55, 17, 39, 52] is OK mid 6, value 63
 81 Update [83, 95, 85, 58, 13, 14, 99, 76, 77, 74, 68, 47, 64, 96, 49, 56, 78, 27, 18] is OK mid 9, value 74
 82 Update [95, 85, 32, 58, 13, 14, 99, 76, 77, 74, 47, 64, 96, 49, 75, 88, 56, 29, 78, 27, 26, 18, 16] is OK mid 11, value 64
 83 Update [64, 96, 49, 75, 88, 56, 29, 78, 27, 26, 18, 16, 63, 67, 15, 22, 17, 39, 52] is OK mid 9, value 26
 84 Update [22, 53, 72, 23, 73, 33, 63] is Bad.
 85 Update [12, 52, 76, 95, 74, 72, 73] is Bad.
 86 Update [73, 57, 93, 23, 53, 83, 95, 85, 32, 58, 13, 14, 99, 76, 77, 74, 47, 64, 96, 49, 75] is OK mid 10, value 13
 87 Update [14, 83, 98, 68, 75, 88, 49, 93, 57, 99, 85] is Bad.
 88 Update [17, 39, 52, 35, 72, 94, 79, 12, 98, 73, 93, 23, 53, 83, 95, 58, 13, 14, 99] is OK mid 9, value 73
 89 Update [16, 91, 87, 22, 15, 41, 88, 96, 78, 17, 33, 86, 26, 67, 75, 29, 18, 27, 49] is Bad.
 90 Update [18, 41, 22, 33, 16, 12, 91, 87, 35, 72, 15, 52, 93] is Bad.
 91 Update [78, 75, 85, 76, 13, 32, 56, 29, 88, 93, 68, 47, 49, 77, 53, 58, 74, 14, 96, 99, 83] is Bad.
 92 Update [96, 85, 58, 53, 77, 26, 56, 13, 64, 75, 99, 49, 47, 88, 68, 14, 83, 27, 74, 78, 95, 32, 76] is Bad.
 93 Update [35, 94, 79, 73, 23, 53, 83, 95, 32, 58, 74] is OK mid 5, value 53
 94 Update [74, 29, 17, 33, 16, 64, 27, 47, 75] is Bad.
 95 Update [35, 17, 52, 91, 27, 56, 18, 22, 16, 39, 63] is Bad.
 96 Update [17, 39, 35, 15, 23, 22, 52, 12, 94, 73, 41, 93, 33, 91, 98, 79, 67, 86, 55, 72, 87] is Bad.
 97 Update [55, 17, 39, 87, 52, 86, 35, 94, 12, 98, 57, 93, 23, 53, 95, 32, 58] is OK mid 8, value 12
 98 Update [98, 53, 99, 68, 85, 83, 47, 64, 76, 75, 58, 95, 49, 13, 96, 32, 88, 57, 77] is Bad.
 99 Update [23, 53, 32, 58, 77, 74, 68, 47, 96, 49, 88, 56, 29, 78, 27] is OK mid 7, value 47
100 Update [91, 27, 15, 41, 75, 68, 67, 26, 29, 56, 49, 76, 14] is Bad.
101 Update [76, 77, 74, 68, 47, 64, 75, 29, 78, 27, 26, 16, 63, 41, 67, 15, 91, 22, 33] is OK mid 9, value 27
102 Update [27, 26, 63, 15, 17, 52, 35, 94, 12] is OK mid 4, value 17
103 Update [68, 49, 63, 41, 15, 91, 39] is OK mid 3, value 41
104 Update [41, 67, 15, 91, 33, 55, 17, 39, 87, 52, 35, 72, 94, 79, 12, 93, 23, 53, 83] is OK mid 9, value 52
105 Update [98, 93, 77, 74, 13, 64, 14, 68, 95, 96, 83, 99, 12, 94, 53, 79, 85, 58, 73] is Bad.
106 Update [85, 88, 78, 32, 99, 49, 26, 64, 76] is Bad.
107 Update [88, 56, 29, 78, 26, 16, 63, 41, 67, 15, 91, 33, 17, 39, 87, 52, 35, 72, 94] is OK mid 9, value 15
108 Update [16, 67, 56, 77, 33, 91, 96, 75, 29, 63, 76, 15, 64, 27, 78, 22, 26, 49, 88, 18, 41] is Bad.
109 Update [68, 47, 64, 96, 49, 75, 56, 78, 27, 26, 18, 16, 63, 41, 67, 15, 22, 33, 55, 17, 39] is OK mid 10, value 18
110 Update [41, 15, 52, 35, 72, 98, 73, 57, 23, 53, 83] is OK mid 5, value 98
111 Update [53, 23, 98, 47, 95] is Bad.
112 Update [39, 52, 67, 57, 93, 15, 98, 91, 17, 16, 94, 55, 41, 18, 73] is Bad.
113 Update [17, 86, 35, 79, 73, 57, 53, 95, 32, 58, 13, 14, 99] is OK mid 6, value 53
114 Update [26, 75, 32, 49, 64, 53, 47, 88, 99, 77, 68, 85, 96, 29, 76, 14, 58] is Bad.
115 Update [49, 58, 63, 27, 13, 32, 77, 76, 26, 41, 29, 99, 14] is Bad.
116 Update [35, 79, 83, 13, 76, 68, 47] is OK mid 3, value 13
117 Update [77, 12, 99, 87, 98, 32, 53] is Bad.
118 Update [23, 53, 95, 85, 58, 13, 14, 99, 77, 68, 96, 75, 88, 56, 29, 78, 27] is OK mid 8, value 77
119 Update [63, 13, 88, 75, 96, 77, 67, 47, 16, 76, 74, 56, 64, 14, 58] is Bad.
120 Update [77, 74, 68, 26, 18, 67, 91] is OK mid 3, value 26
121 Update [16, 67, 91, 56, 33, 29, 18, 41, 17, 26, 86, 78, 22, 96, 52, 75, 49, 39, 63, 55, 27] is Bad.
122 Update [41, 67, 15, 91, 17, 87, 52, 72, 94, 79, 98, 73, 57, 93, 23, 53, 83] is OK mid 8, value 94
123 Update [56, 29, 78, 67, 55, 87, 35, 94, 79] is OK mid 4, value 55
124 Update [14, 47, 88, 63, 68, 16, 27, 76, 75, 32, 85, 99, 18, 26, 96, 49, 13, 58, 29, 74, 77] is Bad.
125 Update [47, 95, 58, 13, 98, 99, 77, 64, 68, 93, 12, 57, 53, 85, 74, 73, 72, 32, 94] is Bad.
126 Update [94, 93, 12, 68, 14, 74, 85, 98, 83, 86, 32, 77, 79, 57, 76, 72, 73, 23, 95] is Bad.
127 Update [63, 41, 67, 15, 55, 72, 94, 79, 12, 98, 73, 57, 93, 23, 53] is OK mid 7, value 79
128 Update [53, 83, 95, 85, 32, 58, 13, 14, 99, 76, 77, 68, 47, 64, 96, 49, 75, 88, 56, 29, 78, 27, 26] is OK mid 11, value 68
129 Update [99, 76, 68, 47, 64, 96, 49, 75, 88, 29, 78, 16, 67] is OK mid 6, value 49
130 Update [39, 15, 26, 22, 94, 79, 63, 35, 73, 72, 18, 52, 33, 57, 12, 55, 16] is Bad.
131 Update [63, 41, 67, 15, 91, 33, 55, 17, 39, 86, 35, 72, 94, 79, 12, 98, 73, 57, 93, 23, 53] is OK mid 10, value 35
132 Update [52, 86, 35, 72, 98, 73, 57, 83, 32, 58, 14, 77, 74] is OK mid 6, value 57
133 Update [18, 16, 63, 41, 67, 15, 91, 22, 33, 55, 39, 86, 72, 94, 12, 98, 73, 57, 93] is OK mid 9, value 55
134 Update [56, 96, 85, 58, 13, 32, 75, 23, 95, 77, 14, 76, 83, 53, 93, 73, 68] is Bad.
135 Update [93, 13, 74, 58, 12, 83, 35, 68, 73, 86, 23, 77, 53, 94, 72, 98, 79, 95, 57, 99, 32, 14, 76] is Bad.
136 Update [39, 52, 94, 73, 93] is OK mid 2, value 94
137 Update [16, 63, 78, 98, 52, 39, 22, 87, 33] is Bad.
138 Update [35, 63, 16, 91, 52, 86, 41, 27, 73, 55, 17, 12, 98, 67, 33, 22, 79, 39, 15] is Bad.
139 Update [26, 72, 55, 12, 78, 52, 41, 35, 63, 17, 27, 94, 22, 29, 67, 91, 87] is Bad.
140 Update [35, 16, 15, 78, 72, 56, 22, 26, 67, 55, 18, 86, 33, 88, 94, 87, 41, 29, 63, 39, 91, 27, 17] is Bad.
141 Update [52, 41, 63, 49, 17, 56, 87, 18, 75, 16, 33, 96, 64, 91, 67] is Bad.
142 Update [39, 53, 58, 93, 57, 23, 72, 83, 17, 86, 94, 35, 99, 85, 73, 87, 12, 13, 95, 98, 52] is Bad.
143 Update [93, 53, 83, 85, 32, 58, 14, 68, 49, 88, 56, 29, 78] is OK mid 6, value 14
144 Update [98, 73, 57, 93, 23, 53, 83, 95, 85, 58, 14, 99, 77, 64, 96, 75, 88] is OK mid 8, value 85
145 Update [52, 86, 72, 12, 98, 23, 32, 58, 13, 14, 76] is OK mid 5, value 23
146 Update [78, 76, 74, 96, 99, 47, 41, 64, 77, 32, 88] is Bad.
147 Update [79, 98, 57, 53, 58, 74, 47, 96, 49] is OK mid 4, value 58
148 Update [13, 14, 99, 76, 77, 74, 68, 47, 64, 96, 49, 88, 56, 29, 78, 27, 26, 18, 16, 63, 41, 67, 15] is OK mid 11, value 88
149 Update [86, 72, 22, 15, 39, 33, 78, 41, 87, 35, 55, 94, 67, 17, 12, 91, 79, 29, 63] is Bad.
150 Update [12, 67, 93, 53, 63, 55, 22, 39, 23, 72, 94, 35, 91, 98, 79, 41, 17, 57, 15] is Bad.
151 Update [29, 78, 27, 26, 18, 16, 63, 41, 67, 15, 91, 22, 33, 55, 39, 87, 52, 86, 35, 72, 94, 79, 12] is OK mid 11, value 22
152 Update [52, 86, 35, 94, 79, 12, 73, 57, 93, 23, 53, 95, 85, 32, 13, 14, 99, 76, 74] is OK mid 9, value 23
153 Update [68, 64, 63, 75, 56, 32, 41] is Bad.
154 Update [47, 75, 16, 56, 67, 87, 41] is Bad.
155 Update [86, 35, 72, 94, 79, 12, 98, 73, 57, 23, 53, 83, 95, 85, 32, 58, 13, 14, 99, 76, 77, 74, 68] is OK mid 11, value 83
156 Update [56, 78, 26, 18, 63, 15, 35, 94, 79] is OK mid 4, value 63
157 Update [93, 23, 83, 95, 85, 58, 14, 99, 76, 77, 74, 47, 75, 88, 56, 29, 78] is OK mid 8, value 76
158 Update [91, 15, 39, 29, 56, 35, 41, 86, 18, 87, 22, 75, 52, 72, 63, 17, 33, 27, 55, 88, 78] is Bad.
159 Update [75, 88, 78, 26, 67, 91, 17, 87, 52] is OK mid 4, value 67
160 Update [35, 94, 98, 17, 72, 32, 58, 39, 95, 13, 86, 73, 14, 52, 83, 12, 93, 53, 85, 23, 79, 87, 57] is Bad.
161 Update [12, 73, 57, 93, 23, 83, 85, 32, 58, 13, 14, 99, 76, 77, 74, 47, 96, 49, 75] is OK mid 9, value 13
162 Update [32, 74, 77, 23, 99, 52, 57, 35, 14, 76, 95, 86, 53] is Bad.
163 Update [56, 99, 49, 75, 27, 74, 77, 63, 96, 29, 47, 91, 67, 22, 26, 41, 88] is Bad.
164 Update [64, 14, 49, 77, 68, 47, 78, 76, 13, 27, 26] is Bad.
165 Update [35, 72, 79, 12, 73, 57, 83, 58, 14, 99, 74, 68, 47] is OK mid 6, value 83
166 Update [68, 47, 64, 96, 49, 75, 56, 29, 78, 27, 26, 63, 41, 67, 15, 91, 22, 33, 55, 17, 39] is OK mid 10, value 26
167 Update [17, 72, 23, 22, 85, 79, 87, 58, 73, 12, 35, 55, 86, 94, 32, 95, 83, 93, 98, 33, 39] is Bad.
168 Update [83, 68, 14, 75, 77, 76, 56, 18, 13] is Bad.
169 Update [15, 79, 35, 52, 33, 16, 91, 22, 41, 27, 78, 63, 94, 17, 98, 67, 39, 18, 72, 87, 55] is Bad.
170 Update [95, 58, 72, 13, 98, 35, 79, 94, 55, 86, 32, 52, 57, 73, 12, 17, 83] is Bad.
171 Update [67, 64, 75, 22, 33, 56, 55, 68, 49] is Bad.
172 Update [63, 41, 67, 15, 91, 55, 17, 39, 86, 72, 94, 79, 98, 57, 23] is OK mid 7, value 39
173 Update [57, 93, 23, 53, 83, 95, 85, 32, 58, 14, 99, 76, 77, 74, 68, 47, 64, 96, 49, 75, 88, 56, 29] is OK mid 11, value 76
174 Update [32, 58, 83, 85, 72, 79, 73, 87, 52] is Bad.
175 Update [49, 75, 88, 56, 29, 27, 26, 18, 16, 41, 67, 15, 91, 22, 33, 55, 17, 39, 87, 52, 35] is OK mid 10, value 67
176 Update [41, 39, 98, 18, 16, 91, 17, 33, 87, 35, 55, 79, 94, 73, 27, 26, 63, 12, 67, 15, 52] is Bad.
177 Update [91, 17, 86, 41, 72, 75, 88] is Bad.
178 Update [91, 55, 17, 52, 35, 72, 12, 98, 73, 57, 93, 23, 53, 83, 32] is OK mid 7, value 98
179 Update [88, 78, 35, 33, 52, 41, 15, 91, 22, 39, 67, 18, 56, 94, 72, 55, 87, 27, 29] is Bad.
180 Update [35, 72, 79, 12, 98, 57, 93, 23, 83, 85, 32, 58, 13, 14, 99, 76, 77, 68, 47] is OK mid 9, value 85
181 Update [13, 74, 14, 77, 83, 53, 23, 47, 95, 32, 96, 85, 88, 56, 73, 68, 57, 58, 93, 76, 99] is Bad.
182 Update [75, 58, 88, 77, 99, 13, 18, 96, 49, 85, 68, 47, 14, 64, 74, 76, 16, 78, 29, 63, 56] is Bad.
183 Update [13, 68, 78, 53, 76, 96, 47, 58, 29, 32, 85, 27, 88, 64, 75] is Bad.
184 Update [57, 83, 74, 79, 32, 64, 96, 13, 95, 76, 14, 53, 73, 85, 47, 77, 98, 68, 93, 94, 58, 12, 99] is Bad.
185 Update [17, 22, 35, 86, 29, 39, 55, 26, 91, 33, 67, 75, 87, 18, 16, 27, 56] is Bad.
186 Update [78, 87, 17, 29, 18, 86, 41, 72, 79, 63, 67, 26, 55, 94, 35, 39, 12, 22, 91, 52, 27, 33, 16] is Bad.
187 Update [17, 87, 86, 35, 72, 12, 98, 73, 57, 23, 53, 83, 95, 85, 32, 58, 13, 14, 99] is OK mid 9, value 23
188 Update [58, 13, 14, 99, 76, 77, 74, 68, 47, 64, 96, 49, 75, 88, 56, 29, 78, 27, 18, 16, 63, 41, 67] is OK mid 11, value 49
189 Update [16, 76, 96, 88, 78, 63, 68, 13, 75, 49, 32, 18, 27, 74, 47, 64, 58, 41, 26, 99, 56, 29, 77] is Bad.
190 Update [91, 52, 41, 15, 26, 72, 67, 87, 18, 63, 17, 73, 33] is Bad.
191 Update [74, 68, 47, 96, 49, 75, 88, 56, 29, 18, 16, 63, 41, 55, 17] is OK mid 7, value 56
192 Update [64, 26, 49, 13, 77, 58, 85, 74, 18, 78, 96, 95, 32, 14, 99, 83, 76] is Bad.
193 Update [55, 17, 39, 87, 52, 35, 72, 94, 79, 12, 98, 73, 57, 93, 23, 53, 83, 95, 85, 13, 14] is OK mid 10, value 98
194 Update [39, 52, 35, 72, 94, 79, 73, 23, 53, 83, 95, 32, 13, 14, 76] is OK mid 7, value 23
195 Update [91, 55, 17, 52, 86, 72, 12, 73, 53, 83, 32] is OK mid 5, value 72
196 Update [99, 76, 77, 74, 68, 64, 96, 49, 88, 56, 29, 78, 26, 18, 63, 41, 67, 15, 91] is OK mid 9, value 56
197 Update [22, 23, 35, 67, 72, 94, 16, 33, 55] is Bad.
198 Update [13, 14, 76, 77, 74, 64, 29, 27, 26, 41, 15] is OK mid 5, value 64
199 Update [12, 73, 68, 96, 13, 74, 76, 99, 32, 14, 57, 85, 53, 58, 64, 47, 77, 23, 49, 75, 83, 98, 95] is Bad.
Sum of middle pages is : 5713
